15.137588440817035
14.363719599320376
13.50841326253753
15.676183307669554
15.183028943055707
15.766876496001117
16.21368168084835
15.147576783949672
14.1850018935186
15.431548746090384
15.799444001475294
15.242102974104714
15.271686383381557
15.664288225788475
14.257664522327804
14.341434844662569
14.93810746846346
15.013477454666084
14.704770888846983
14.941712627500642
15.519439869221888
15.850240357601
15.515232748259244
12.602073113050759
13.935532125225581
15.491118534527505
15.800515369667867
15.048696156263098
14.87518663104769
14.052151006647614
13.626757796820119
16.16461270946283
15.101991029049332
15.15902814285036
14.24868917671672
15.270846396039573
14.206183431681218
15.216703488658348
13.738418483394451
13.430827893401027
14.641127400553348
15.904422072812949
12.786938272722354
15.127784774992985
15.125107933737546
15.061216918887675
15.83625103794069
15.501717856213935
15.189097352565122
14.552874352859753
14.974124018223565
14.01085806521088
15.725326692948222
16.037548057407754
15.64483012790031
15.766190753118625
13.669480083137966
15.68633300254239
12.99371389748538
15.967603163341792
16.11168853527311
14.650185607705785
13.205452781484372
13.888560825272602
12.13239027845704
15.573987689926428
14.108316689164035
14.99841692684577
15.349878809356813
15.228675908762668
15.157941226938384
15.619874910472804
14.895613049569643
15.254498641636697
15.794995576868258
14.42255160804679
15.783171054492753
14.412066223688171
13.570363457374935
15.592622541425069
14.18895532343346
15.601603449478791
14.479591173238218
14.74888901029996
15.707656463075958
16.352891897606803
14.829509905487669
14.579121547730674
13.1407854292134
14.811749334588423
15.564327707282857
13.767027291975914
15.268727377718651
14.303690586395104
15.588107207695852
13.673618765913492
14.969875170223318
14.525108066325153
14.729354579591645
14.422454073739395
